
889
2319
720
537
999
1876
2670
2018
7700
1823
3309
7099
3061
2244
1878
9611
5486
5644
4443
2401
1998
6944
9381
8545
9269
12476
5539
1085
965
1571
14869
4256
9521
12866
1439
1325
777
941
3508
846
560
1465
5188
14280
800
433
12806
1240
1858
883
9821
453
3291
5582
3481
7465
1872
12476
1533
4555
9142
7813
2283
476
7116
2490
2824
1206
15395
3381
12754
6448
1917
10146
3107
7082
5380
13276
1324
948
3287
2840
1634
1131
3624
468
11211
2339
1320
7193
2896
777
2870
1570
4750
743
2394
22646
2324
2809
1444
6048
18423
2366
1661
1118
481
744
3712
8361
2764
5240
3254
24972
1065
2035
1739
480
1894
1319
6315
873
3427
20309
642
4352
9379
10405
573
2398
562
10920
698
2499
6959
4875
1164
904
10275
1401
835
8668
28075
2041
4898
1148
5704
5824
2317
13004
2679
6713
5941
18286
3026
970
1241
2067
4106
5555
12096
6175
10426
9343
1559
2649
5635
1728
2817
2785
3718
4466
277
2969
3395
2506
12553
21303
6385
1819
11156
11328
3743
1148
2740
2393
1675
521
4739
1717
1589
943
1273
6093
1007
2448
2943
2383
2867
4621
17259
3784
2556
2918
1593
16247
1896
4726
1815
1687
3218
2016
4779
3610
9639
2827
7666
8480
847
1519
5937
3812
2781
4207
2126
10071
4849
5323
989
998
928
1083
2180
1167
2368
836
1152
673
2255
1300
685
814
808
1503
1982
1002
1675
1670
973
1483
1538
1383
639
622
604
764
709
475
492
586
1034
620
564
802
771
660
598
1096
628
840
574
1092
1668
677
640
794
462
465
1364
917
1107
1288
3001
771
2140
5708
3663
3935
4618
4109
1043
2481
942
6999
1176
1449
2107
1707
6294
20295
5273
468
1038
535
1939
4015
1828
992
1334
783
13976
2769
2566
1639
537
1074
31996
2483
3075
21400
765
1097
656
943
2140
5678
6107
12990
8112
781
12770
1460
4036
1626
7364
3893
842
348
3411
1142
5247
21935
9824
15850
6260
17935
1182
1022
2132
306
339
1315
1532
19813
16152
9825
3366
4221
3423
4842
1551
6019
2964
6951
1925
846
3317
874
1019
658
927
504
10773
9569
3054
884
2224
2873
560
404
429
406
1905
398
2015
463
1275
451
3644
3340
623
1222
1223
572
1253
2941
2758
977
1505
694
1484
1328
3026
515
623
1042
1792
434
281
1263
1118
566
352
671
456
870
926
6477
2788
4105
1078
12072
2459
4434
11704
3755
6119
7604
799
4508
3367
4167
1694
2487
3774
2980
6427
1015
2634
2456
1002
3513
4118
9979
1436
3772
2890
6639
6495
4903
2745
3747
11219
4986
2663
777
1906
4750
4134
3480
5309
4370
5430
4673
5377
4647
461
8206
5311
5280
2773
8919
12146
3570
5830
798
1146
4688
3064
5958
1879
5108
11017
4813
3222
3536
3811
2215
15673
5002
2278
18747
5981
2719
6965
6469
4018
3275
7327
2860
3880
1785
1710
17897
6041
3149
2051
247
5507
4638
5447
15269
3659
10819
341
2116
5736
5031
281
1749
1192
7097
6675
3939
2754
4745
395
5955
4460
2823
745
3203
673
10330
2163
539
18209
2632
4504
6558
2460
11323
910
2494
397
972
2459
2816
708
3171
6743
1489
1158
2259
8180
1190
3586
5395
601
1932
27133
7734
6692
3094
1598
2691
3669
3482
502
19134
616
21352
2236
7445
576
3468
566
6111
1544
1365
1220
973
358
4175
7703
8690
913
1056
2533
2678
1650
1222
14315
16677
5985
670
596
2580
5996
1887
3139
2011
1707
2472
4221
12734
2821
4755
3903
2435
4114
4266
14147
3298
3372
2118
7228
8591
5890
3435
3848
3323
6261
2597
614
1960
16698
556
1164
1048
20908
3612
1604
1624
18805
11468
6007
4093
20529
5025
16426
10974
7267
1365
1951
5272
2672
6981
1319
7862
4110
25071
4838
1876
17054
3413
1029
23280
459
1948
3266
15650
18524
2293
4696
7296
1762
666
2360
842
3261
8899
2034
2549
12802
3422
949
2752
4346
5275
3639
881
9377
9353
5213
2365
3685
16893
20303
18883
36205
984
4522
13191
4297
1590
1108
705
3218
17213
2253
2846
395
9061
9829
2943
13299
8834
1390
11603
332
1310
2335
2492
2097
11479
3857
1014
2496
3288
12757
4063
8196
790
1977
9526
1601
1739
1356
1133
15460
9998
32462
9943
1541
22316
2412
488
1337
4284
3243
11466
8845
12847
1659
3101
1459
1454
3694
3099
33527
4394
1549
13004
1266
855
1328
10892
1473
947
2368
1324
16220
17323
489
3446
12008
967
2533
12764
2478
1447
3239
2610
811
2630
3996
3716
5018
1131
1292
10226
9505
425
9074
443
1775
12255
6011
3072
611
4543
321
2604
3910
1527
6211
1545
786
1064
1319
1797
664
12785
501
11306
1211
445
955
5577
2107
1354
392
4539
13600
403
3017
2754
4148
5406
1953
1809
8956
9182
939
6808
4775
17196
7192
6801
11931
5364
8104
4132
779
8311
978
4184
917
3015
6275
694
4181
2776
5575
7573
7380
10418
10275
6238
8938
6318
11667
10443
9625
4359
2170
2525
400
3295
1441
499
2505
7031
6819
7846
5632
1276
1987
23793
2018
4905
1792
4424
1532
1624
3372
1548
585
2505
3190
341
2364
1814
3150
1054
1678
9349
2857
3460
4230
4123
5768
465
12320
1218
941
1925
2609
1685
4840
18039
3970
6711
3181
2846
5193
2595
2126
2209
4535
2210
3835
702
346
1596
811
5929
1629
4742
7380
1107
1788
2287
1978
2327
4526
2194
1056
1514
1471
2768
2928
3565
11323
11215
3952
15629
5109
1160
1176
3265
2580
39103
4528
12652
5667
8135
15273
1837
780
14100
1453
8982
11547
4875
8867
512
4801
1912
14327
6091
19296
9000
2439
2669
5721
1057
772
17716
13233
13325
596
3031
1005
5545
4765
8205
13602
3034
2319
1922
4252
1191
18804
2853
1539
3613
1261
11901
4044
4339
2265
4560
25062
6219
2415
663
2194
2858

4693730
4693.73